22.5 -0.0041483615962470905 -0.16873557275176942
33.75 -0.003027295628639413 -0.32667892488664807
45.0 -0.0012923891294926854 -0.30819271822993843
56.25 -0.0019333837061039603 -0.2815749241805448
67.5 -0.0006111407390609635 -0.24605045534778258
78.75 0.00020178871664661992 -0.2098282471356066
90.0 -0.00016375609462218342 -0.15620367501010202
101.25 -0.00013350422410143186 -0.0938181536032495
112.5 -0.0003966781663049909 -0.04456773028328124
123.75 -6.361886105200677e-05 -0.0008115747657516088
135.0 0.0003829978848075067 0.03893180039552205
146.25 -0.00024656819044233965 0.06390410922042468
157.5 -0.001143053675055885 0.08101886825430595
168.75 -0.0017547086146286438 0.09085559182917508
180.0 -0.002203955706361179 0.09974584959796874
191.25 -0.0017988873642834334 0.10761007337784363
202.5 -5.041788121384051e-05 0.1112640275290384
213.75 0.002147793475068308 0.11100740884238311
225.0 0.0035370556309965544 0.11495301462160022
236.25 0.0036709793954170034 0.11028409901401441
247.5 0.004920227458009671 0.10566103736409109
258.75 0.007015010564814456 0.1055914318497338
