23.4 -0.004492472969176887 0.10541097572179914
25.740000001979826 -0.008018491240115725 0.10067657891460569
28.080000003959654 -0.011544509511054563 0.09594218210741223
30.42000000593948 -0.015966714255478878 0.08650848419781942
32.76000000791931 -0.02128510546580621 0.0723754852255871
35.100000009899134 -0.026603496670941047 0.058242486267457476
37.440000011878965 -0.03069446392314443 0.04744314314452367
39.780000013858796 -0.03478543117534781 0.03664380002158986
42.12000001583862 -0.037516621549440986 0.031174226834584446
44.460000017818444 -0.03888803507993836 0.03103442344822503
46.800000019798276 -0.04025944858735669 0.030894620100560318
49.14000002177811 -0.038903100185180534 0.035328224803816394
51.48000002375793 -0.03754675178300439 0.03976182950707245
53.820000025737755 -0.034607047046739635 0.04530217031797205
56.16000002771759 -0.03008398604336859 0.05194924718969583
58.50000002969742 -0.02556092503322631 0.058596324044411285
60.84000003167724 -0.020504326337423953 0.0639032344680489
63.180000033657066 -0.015447727641621601 0.0692101448916865
65.5200000356369 -0.010670677814077816 0.07169337071319941
67.86000003761673 -0.0061731768382361565 0.07135291209982207
70.20000003959655 -0.0016756758939749253 0.07101245342568499
72.54000004157638 0.0009555474727110524 0.06708133393402979
74.88000004355621 0.00358677083939703 0.06315021444237458
77.22000004553604 0.005851205385414531 0.059220486621916
79.56000004751587 0.0077488511386935065 0.05529215047254807
81.90000004949569 0.009646496864044434 0.05136381434332121
84.24000005147552 0.01022379301077191 0.04838768371053982
86.58000005345535 0.010801089157499387 0.04541155307775843
88.92000005543517 0.011486301622779306 0.04065632470546358
91.260000057415 0.012279430396568036 0.03412199875923372
93.60000005939483 0.013072559176559842 0.027587672792029533
95.94000006137466 0.014110072888554879 0.020227013520532085
98.28000006335449 0.015147586600549915 0.012866354249034638
100.62000006533431 0.016849997244912845 0.004970040685127648
102.96000006731414 0.018555914613008942 -0.0039640495231400225
105.30000006929397 0.020261831988753757 -0.012898139623658645
107.64000007127379 0.02222604013447807 -0.01819363395503064
109.98000007325362 0.024190248280202397 -0.023489128286402667
112.32000007523345 0.025739236023995426 -0.02714364113471644
114.66000007721328 0.026873003418553608 -0.029157172708232218
117.00000007919311 0.028006770826762725 -0.031170704310485273
119.34000008117293 0.02954389632537041 -0.03403336551288248
121.68000008315276 0.03108102182397811 -0.036896026715279716
124.0200000851326 0.03193766672483552 -0.03958640207670782
126.36000008711241 0.03211383112581864 -0.04210449162194729
128.70000008909224 0.032289995473788344 -0.04462258113676904
131.04000009107207 0.03107376699686208 -0.04634175159210225
133.3800000930519 0.029857538519935826 -0.04806092204743546
135.72000009503174 0.027850953438782074 -0.051436154796762466
138.06000009701157 0.025054011880454773 -0.05646744957386262
140.40000009899137 0.022257070267836847 -0.06149874426715184
142.7400001009712 0.018176783017221143 -0.06454888198074167
145.08000010295103 0.014096495766605436 -0.06759901969433152
147.42000010493086 0.010190324984518205 -0.06958484451739896
149.7600001069107 0.006458270640022989 -0.07050635663904774
152.10000010889053 0.00272621631084273 -0.07142786876313148
154.44000011087036 -0.0006767276935490242 -0.07240170672179305
156.7800001128502 -0.004079671697940779 -0.07337554468045462
159.12000011483002 -0.007292787559563653 -0.07322070321497864
161.46000011680982 -0.010316075315357873 -0.07193718254500442
163.80000011878965 -0.013339363027690796 -0.07065366188763107
166.14000012076949 -0.015506519560868943 -0.06961836211221346
168.48000012274932 -0.017673676094047092 -0.06858306233679584
170.82000012472915 -0.019657544738286094 -0.06760761109344221
173.16000012670898 -0.02145812553235501 -0.0666920083694934
175.5000001286888 -0.023258706281441346 -0.06577640558132052
177.8400001306686 -0.02424135095295315 -0.0636929907828559
180.18000013264844 -0.025223995624464965 -0.061609575984391256
182.52000013462828 -0.026004663484158457 -0.0587802621951737
184.8600001366081 -0.026583354578173544 -0.05520504958559762
187.20000013858794 -0.027162045642236118 -0.0516298370548309
189.54000014056777 -0.027235000962650243 -0.04938528791938386
191.8800001425476 -0.027307956283064372 -0.04714073878393681
194.22000014452743 -0.027218314198577214 -0.04458362683473659
196.56000014650726 -0.0269660747490842 -0.0417139521484746
198.90000014848707 -0.026713835294677187 -0.038844277511072306
201.2400001504669 -0.02638415629990939 -0.03674457978167395
203.58000015244673 -0.026054477305141596 -0.03464488205227559
205.92000015442656 -0.025519344356661238 -0.03254355171851134
208.2600001564064 -0.024778757508355773 -0.030440588780809394
210.60000015838622 -0.024038170608791865 -0.02833762580216213
212.94000016036605 -0.022540290973417355 -0.02562973624978788
215.28000016234586 -0.02104241133804286 -0.022921846697413668
217.6200001643257 -0.019340830137168356 -0.019240065507254763
219.96000016630552 -0.01743554742766864 -0.014584392951228011
222.30000016828535 -0.01553026469794148 -0.009928720268229285
224.64000017026518 -0.013343720287825577 -0.003507508161061294
226.980000172245 -0.011157175877709676 0.0029137039461066966
229.32000017422484 -0.008402844738323876 0.007105161330955033
231.66000017620468 -0.0050807270378057405 0.009066864653776588
234.0000001781845 -0.001758609335906702 0.011028567645221421
236.3400001801643 0.0015816430343403938 0.008638481131616312
238.68000018214414 0.00492189540458753 0.006248394618011172
241.02000018412397 0.008242028245765113 0.0030073256075785725
243.3600001861038 0.011542041564171556 -0.0010847256332817319
245.70000018808364 0.014842054903209204 -0.0051767767047284155
248.04000019006347 0.018398746692753744 -0.007161106832877974
250.3800001920433 0.021955438482298285 -0.009145436961027532
252.7200001940231 0.02274662895581245 -0.004932296246640691
255.06000019600293 0.020772319025832067 0.005478313265295723
257.40000019798276 0.01879800883181933 0.01588892314070656
259.7400001999626 0.013703045286031 0.030595513000382123
262.0800002019424 0.008608081740242668 0.04530210286005769
264.42000020392226 0.004748655835922508 0.05507385848064988
266.7600002059021 0.0021247671444713707 0.059910781574017316
269.1000002078819 -0.0004991224422481735 0.06474770407681679
271.44000020986175 -0.013200502748980108 0.06293696300930583
273.7800002118416 -0.02590188305571204 0.06112622194179488
276.1200002138214 -0.042102094432847126 0.06529233720474102
278.46000021580124 -0.061801135607459964 0.07543530662367738
280.8000002177811 -0.08150017587537887 0.08557827802152043
283.14000021976085 -0.09145703040145849 0.11698407709726917
285.4800002217407 -0.10141388492753835 0.1483898761730187
287.8200002237205 -0.11398418281290507 0.16679965227083443
290.16000022570034 -0.12916792306252659 0.1722134103387706
292.5000002276802 -0.1443516630619152 0.17762716371694515
294.84000022966 -0.15696361563121058 0.13484154629123726
297.18000023163984 -0.16957556820050598 0.09205592886552938
299.52000023361967 -0.17563269968543838 0.04956736080180021
301.8600002355995 -0.17513501269258203 0.007375841981925838
304.20000023757933 -0.1746373256913194 -0.0348156664951711
306.54000023955916 -0.1740568424095869 0.024862358268345434
308.880000241539 -0.17347635912785445 0.08454038303186197
311.2200002435188 -0.17540055408102248 0.11075686316046866
313.56000024549866 -0.1798294262307035 0.10351181252662685
315.9000002474785 -0.18425829746375444 0.0962667706734679
318.24000024945826 -0.18002009654103787 0.1720462939911609
320.5800002514381 -0.17578189561832117 0.24782581730885572
322.9200002534179 -0.17366279561415968 0.2857155707929706
