22.5 -0.017514889078002437 0.03635694654491324
33.75 -0.012713226583054895 -0.09229484096587784
45.0 -0.0013379815054943701 -0.11584766599275313
56.25 -0.0013758333717586119 -0.1074772201291367
67.5 0.00040879275867329557 -0.09762691198642645
78.75 -0.001911903841730449 -0.08289250751772981
90.0 -0.0016096936433003086 -0.060862791889490224
101.25 -0.0013982011081243746 -0.04337714474187767
112.5 -9.726276538170229e-05 -0.025371880034121556
123.75 0.0017630962836389515 -0.009919007045832711
135.0 -0.000124117347079663 0.0002039731331578943
146.25 0.001115557451985965 0.010412714138196126
157.5 0.0018074341518663562 0.014990302988535072
168.75 0.001732208793373546 0.021248752181273933
180.0 0.0023482567145546394 0.024669952348588705
191.25 0.0037342827930939913 0.027226624139417156
202.5 0.003756080708587474 0.027510600449251205
213.75 0.0030612197808350733 0.02749502349145424
225.0 0.002879456746360387 0.027343139784087388
