22.5 -0.030360107711321242 0.23215243731816407
33.75 -0.036521011273679585 0.11347583368383252
45.0 -0.03608437428493164 -0.02789519120725161
56.25 -0.026844856358012696 -0.15071335777416492
67.5 -0.00854521686571406 -0.21846381469763476
78.75 0.00885284405493152 -0.2140910281157613
90.0 0.020445882227362107 -0.16464567904152957
101.25 0.024991960922025786 -0.08351722256773673
112.5 0.02200812673393911 -0.011497683874031009
123.75 0.014220680840130173 0.03662625298243355
135.0 0.00553464733763854 0.058967696058192604
146.25 -0.00018053650006822974 0.06361839107106776
157.5 -0.004528857651555401 0.05952332720890489
168.75 -0.006890739600571121 0.05502423246620988
180.0 -0.007857440304418662 0.04947140216416685
191.25 -0.006826343929031431 0.043459057903757044
202.5 -0.0052708157379677 0.04018171471745024
213.75 -0.004585857940925203 0.040359038680480575
