22.5 -0.04790417643883996 -0.03928511050540047
33.75 -0.05481074747891507 -0.014004544302791704
45.0 -0.04487988369409864 0.030587872361041487
56.25 -0.032688237877487446 0.07671245008934885
67.5 -0.012489798925794264 0.10200793306785864
78.75 0.007516305524317683 0.09633131393548829
90.0 0.016551546967391254 0.07437744598261621
101.25 0.02326340094855134 0.04036701835541693
112.5 0.019235387117411604 0.013733165262997785
123.75 0.010354565170618342 -0.005689909115798082
135.0 0.0029115928527722688 -0.0186702475465197
146.25 -0.001866089108848889 -0.020596853570594247
157.5 -0.005335944366041498 -0.01977855236785243
168.75 -0.007820601719095745 -0.01887755854574452
180.0 -0.008361469977733762 -0.0176840456116741
191.25 -0.008170613533842299 -0.016708089157014057
202.5 -0.007465951698322078 -0.014213987552444195
213.75 -0.005487592489696539 -0.013117960168220788
225.0 -0.002684979469610704 -0.012976142101973315
236.25 -0.001851200491453324 -0.01537507054555064
247.5 -0.0015498677961517228 -0.015255902802850704
