22.5 -0.06107116586722162 -0.007186790240796678
33.75 -0.06582818276899995 -0.001316107048762785
45.0 -0.056408354060917945 0.04279239703191743
56.25 -0.04485352120821821 0.08810414143183329
67.5 -0.02195371959477967 0.11292602435456835
78.75 -0.001301747242410386 0.10784119942729511
90.0 0.008921769415631641 0.0845508399460257
101.25 0.01733143799606441 0.051060569342680336
112.5 0.015233203876284039 0.025142218020268562
123.75 0.008707674458821061 0.004143395501706347
135.0 0.003714665595540529 -0.009402133259805073
146.25 0.0009363719467228963 -0.011284120506996476
157.5 -0.0007555730278724089 -0.010514259155157513
168.75 -0.0028100177419385355 -0.009218087986515373
180.0 -0.004380484170386645 -0.0076540967301116595
191.25 -0.005025535526388668 -0.006598666581203098
202.5 -0.005205970997141755 -0.003929462651892207
213.75 -0.004586836367252378 -0.003192245508772434
225.0 -0.004911488938270248 -0.0029742040359956646
236.25 -0.007973224494250733 -0.006325296728756528
247.5 -0.010307744285866989 -0.005466106815242862
258.75 -0.009116476742404817 -0.003172106418766627
