22.5 0.0024718885529820423 -0.07990440934456634
33.75 0.00866101420822869 -0.1278316309717976
45.0 0.005309795315362741 -0.1305852793127161
56.25 0.0027522756067966197 -0.1211673689446545
67.5 0.0028511932355903846 -0.11199731790499863
78.75 -0.00025539207107995297 -0.09569704931249796
90.0 -0.0007938180120415813 -0.07468464871572304
101.25 -0.00039448413197925604 -0.05731731131343796
112.5 0.00023462404841945826 -0.039475844882748364
123.75 0.0015064150751999809 -0.023696950796212472
135.0 7.153357978816809e-05 -0.01294148941015477
146.25 0.0022695021865390803 -0.0032065616892565855
157.5 0.0033565337926706506 0.000869700511697838
168.75 0.002850445048159724 0.00758974795828928
180.0 0.003598217093874622 0.010881242260853593
191.25 0.004762709187893684 0.013181222106469387
202.5 0.004258319244912147 0.01293270392331648
213.75 0.0035776528835099286 0.013683441484012614
225.0 0.002507876333124112 0.013732512088373842
236.25 -0.0003700761457391806 0.014448472137974833
247.5 -0.0007590647458388612 0.014096115895746978
258.75 0.0013081814187814204 0.012520933835521855
