23.4 -0.024892622487455936 0.084377947448581
25.740000001979826 -0.02124466734633992 0.07096194239265435
28.080000003959654 -0.0175967122052239 0.05754593733672769
30.42000000593948 -0.01287781204348175 0.04458428092210344
32.76000000791931 -0.007087966870174517 0.032076973144937425
35.100000009899134 -0.001298121700734107 0.019569665387373238
37.440000011878965 0.0035776687207454863 0.011695916756428813
39.780000013858796 0.008453459142225079 0.0038221681254843876
42.12000001583862 0.0118692720257056 -0.0008577912606509339
44.460000017818444 0.013825107408244797 -0.002343961483043221
46.800000019798276 0.01578094276432622 -0.003830131656774462
49.14000002177811 0.014609677398179461 0.0004350496624424705
51.48000002375793 0.01343841203203271 0.0047002309816593915
53.820000025737755 0.011146330266842617 0.010145141474729502
56.16000002771759 0.007733432150024201 0.016769781091745553
58.50000002969741 0.00432053402582445 0.02339442067348992
60.84000003167724 0.0003260247333295519 0.027239837970925225
63.18000003365707 -0.0036684845591653456 0.031085255268360527
65.5200000356369 -0.007345454557421078 0.03289297831768361
67.86000003761671 -0.010704885280244106 0.032663007239578205
70.20000003959655 -0.014064315987107591 0.032433036122967975
72.54000004157638 -0.016480598948904072 0.0299275813171293
74.88000004355621 -0.018896881910700554 0.02742212651129063
77.22000004553604 -0.020837258996003586 0.02459100395571809
79.56000004751587 -0.022301730241052076 0.02143421367521038
81.9000000494957 -0.023766201471146196 0.018277423378449034
84.24000005147552 -0.024523677339003826 0.014352212499051165
86.58000005345534 -0.02528115320686146 0.010427001619653297
88.92000005543517 -0.02602938208733997 0.005919001534742955
91.260000057415 -0.026768363981299958 0.0008282122985596571
93.60000005939483 -0.027507345887875866 -0.004262576981483993
95.94000006137466 -0.028743361857106672 -0.011081348573611685
98.28000006335449 -0.02997937782633748 -0.01790012016573938
100.62000006533432 -0.031462172072522526 -0.02493329216470147
102.96000006731416 -0.03328982726363227 -0.03222051294233627
105.30000006929396 -0.035117482459713974 -0.03950773368247249
107.64000007127379 -0.03711303718721405 -0.04552866150915076
109.98000007325362 -0.03910859191471413 -0.05154958933582903
112.32000007523345 -0.04087965057827945 -0.056549974837639974
114.66000007721328 -0.04242621320640126 -0.06052981814410268
117.00000007919311 -0.043972775811091304 -0.06450966140487267
119.34000008117295 -0.04482697585305641 -0.06713937523751023
121.68000008315278 -0.04568117589502152 -0.0697690890701478
124.02000008513258 -0.0460240625580689 -0.07227491085649336
126.36000008711241 -0.04585563591574264 -0.07465684061436681
128.70000008909224 -0.04568720922565234 -0.07703877039538984
131.04000009107207 -0.04426426426693915 -0.0800287212093821
133.3800000930519 -0.04284131930822596 -0.08301867202337439
135.72000009503174 -0.040851803228663414 -0.08626946122269864
138.06000009701157 -0.03829571611933077 -0.08978108876542373
140.4000000989914 -0.03573962897966115 -0.09329271628080357
142.7400001009712 -0.032466423710098016 -0.09615794508222361
145.08000010295103 -0.029193218440534838 -0.09902317388364368
147.42000010493086 -0.025875755502868518 -0.10101837856711228
149.7600001069107 -0.022514034904962624 -0.10214355928721255
152.10000010889053 -0.01915231432135397 -0.10326873991860946
154.44000011087036 -0.016097833885624 -0.10248773256278607
156.7800001128502 -0.013043353449894029 -0.10170672520696265
159.12000011483002 -0.010199713479516414 -0.10054599582612647
161.46000011680985 -0.007566913933461922 -0.09900554449417082
163.80000011878965 -0.004934114419744532 -0.09746509315596841
166.14000012076949 -0.002938312681932094 -0.0958015887764873
168.48000012274932 -0.0009425109441196546 -0.09413808439700617
170.82000012472915 0.0008274459508937886 -0.09269166824227104
173.16000012670898 0.002371558050878943 -0.09146234026636338
175.5000001286888 0.003915670121161722 -0.0902330122607127
177.84000013066864 0.00491969204556957 -0.08846285499170006
180.18000013264847 0.0059237139699774176 -0.08669269772268741
182.5200001346283 0.006689628039376766 -0.08457017281947175
184.8600001366081 0.007217434308161366 -0.08209528036254854
187.20000013858794 0.007745240553700931 -0.07962038789965749
189.54000014056777 0.007880563953195915 -0.07704473138516826
191.8800001425476 0.008015887352690897 -0.07446907487067904
194.22000014452743 0.008016406494200379 -0.0720778195880167
196.56000014650726 0.007882121410800365 -0.06987096549193597
198.9000001484871 0.007747836320737584 -0.0676641114250415
201.2400001504669 0.007508553056925152 -0.06591720197657068
203.58000015244673 0.007269269793112718 -0.06417029252809985
205.92000015442656 0.00692359393064 -0.06237973751796796
208.2600001564064 0.006471525497412164 -0.060545536957622596
210.60000015838622 0.006019457027656075 -0.058711336307558794
212.94000016036605 0.005027719769939395 -0.05555163446611059
215.28000016234589 0.004035982512222716 -0.05239193262466238
217.62000016432572 0.002726528419085907 -0.048042802855333584
219.96000016630555 0.0010993575792375677 -0.04250424549022019
222.30000016828535 -0.0005278132985464333 -0.03696568810700388
224.64000017026518 -0.0026824780747890823 -0.031175409728045465
226.980000172245 -0.004837142851031731 -0.025385131349087046
229.32000017422484 -0.007203737972413855 -0.020703537241418043
231.66000017620468 -0.009782263376176938 -0.01713062707672597
234.0000001781845 -0.012360788811552694 -0.013557717202188678
236.34000018016434 -0.015354466202787798 -0.01379525170640954
238.68000018214414 -0.018348143594022866 -0.0140327862106304
241.02000018412397 -0.0214787249006298 -0.015362981605927252
243.3600001861038 -0.024746210079750853 -0.017785837550243003
245.70000018808364 -0.028013695248838035 -0.0202086934444935
248.04000019006347 -0.031156346368701387 -0.022008673862115524
250.3800001920433 -0.03429899748856474 -0.02380865427973755
252.72000019402313 -0.031991900664362465 -0.013864655288300937
255.06000019600296 -0.024235057694354592 0.00782331923701898
257.40000019798276 -0.01647821541002726 0.02951129240437439
259.7400001999626 -0.016825573168017815 0.035149203164554575
262.0800002019424 -0.017172930926008374 0.04078711392473476
264.42000020392226 -0.014048054315046077 0.042481628498607385
266.7600002059021 -0.007450944539624135 0.04023274825410831
269.1000002078819 -0.0008538335008968241 0.03798386921055407
271.44000020986175 0.019963536016535225 0.04925329408102984
273.7800002118416 0.04078090553396727 0.060522718951505614
276.12000021382136 0.05891740504823614 0.07591111813086938
278.4600002158012 0.0743730355346819 0.09541849012057961
280.800000217781 0.08982866562434301 0.11492586405579136
283.14000021976085 0.10102094871196297 0.15533714140621194
285.4800002217407 0.11221323179958292 0.19574841875663251
287.8200002237205 0.12083270394115182 0.191806622310565
290.16000022570034 0.12687936611623146 0.14351176895482268
292.5000002276802 0.13292602823916078 0.0952169133076518
294.84000022966 0.13843671139490227 0.02337173201424589
297.18000023163984 0.14394739455064376 -0.048473449279160016
299.52000023361967 0.143752364385433 -0.06814104931437079
301.8600002355995 0.13785162316819016 -0.03563108884019705
304.2000002375793 0.13195088342846556 -0.0031211314811184243
306.5400002395591 0.14060272542366978 -0.0012928050871724311
308.88000024153894 0.149254567418874 0.000535521306773562
311.22000024351877 0.15387067179943695 0.009836321149919405
313.5600002454986 0.1544510402384912 0.02660959134433356
315.90000024747843 0.1550314086042066 0.04338285766061613
318.24000024945826 0.15491833114024295 0.023486964260293182
320.5800002514381 0.1548052536762793 0.0035910708599702357
322.9200002534179 0.15322598470616391 -0.006953749229554578
325.26000025539776 0.1501805248625596 -0.008147500043276657
327.6000002573776 0.1471350644591445 -0.009341240781500287
329.9400002593574 0.13899997219279916 0.08106843324320734
332.28000026133725 0.13086487992645382 0.171478107267915
334.6200002633171 0.12085083307810082 0.21582879523413928
336.9600002652969 0.10895783249030552 0.21412051779576247
339.30000026727674 0.09706483061215104 0.21241223407917087
341.6400002692566 0.07387477289912733 0.1557383695173315
343.98000027123635 0.05068471518610418 0.09906450495549347
346.3200002732162 0.04270037246097845 0.07408943324464945
348.660000275196 0.049921737647862875 0.08081313963395857
351.00000027717584 0.05714309789995849 0.08753684360744553
353.3400002791557 0.022703524249175953 0.07386546871658664
355.6800002811355 -0.01173604940160658 0.06019409382572774
358.02000028311534 -0.015954514278319454 0.042216990908909444
360.36000028509517 0.010048115044438526 0.019934162042635928
362.700000287075 0.03605073812260464 -0.00234866380061688
365.04000028905483 0.011152576986132229 9.6923741533389e-06
367.38000029103466 -0.013745584150340183 0.0023680485489235583
369.7200002930145 -0.02654714032829735 0.015604222870186408
372.0600002949943 -0.027252097586209237 0.039718209907874655
374.40000029697416 -0.027957053982417962 0.06383219795405992
376.740000298954 -0.02187224455486616 0.09589260988885497
379.08000030093376 -0.0157874351273145 0.12795302182364923
381.4200003029136 -0.0127450311986446 0.14398322365438118
