50.19 0.0006862517115077539 -0.016711807803237978
62.714999999999996 0.0027588877113209668 -0.009908699317306596
75.24 0.005677896821069637 0.005003362406956543
87.76499999999999 0.0008968437163616773 0.012667562659851537
100.28999999999999 -0.004947002123170726 0.020006749916536292
112.815 -0.006260092152686999 0.023265808346671784
125.33999999999999 0.0023850131815286433 0.02111143734816298
137.86499999999998 0.011819442227122081 0.01695406708350649
150.39 0.01879070657850654 -0.0005299547104877209
162.915 0.01760142253852139 -0.01905503704332586
175.44 0.017220385251586832 -0.025059847403123843
