22.5 -0.048476021700052774 -0.003164222186796282
33.75 -0.05172460230500856 -0.003017876560152469
45.0 -0.04182004857307643 0.04139896783194404
56.25 -0.029928486914042284 0.08588137933073713
67.5 -0.01028001024525266 0.10749465334849155
78.75 0.008938970910202168 0.10056243440333364
90.0 0.01702545227943928 0.07624701613278305
101.25 0.022033845168786488 0.043149580026990444
112.5 0.017806175188239858 0.01808961496228685
123.75 0.00915313792280746 0.00012886021964865382
135.0 0.0016401764692373234 -0.011346482039683423
146.25 -0.003802662331745423 -0.012979969313891058
157.5 -0.007795209362174933 -0.010858559717853806
168.75 -0.010965828724145503 -0.009274467152095525
180.0 -0.012299059735656358 -0.007883695693129036
191.25 -0.01281464371507978 -0.00673272395192451
202.5 -0.012918603677875975 -0.004000979916215196
213.75 -0.01240072334644635 -0.003783733803990773
225.0 -0.011162905502570812 -0.0038914575704389505
236.25 -0.01120805407314887 -0.006271628855156873
247.5 -0.010510617508851017 -0.00516191836659961
