21.59924 0.00023483745888241007 -0.29511033014156735
23.759163656304224 0.0018701882165820978 -0.24914404723462963
25.919087312608447 0.0035055389742817853 -0.2031777643276919
28.07901096891267 0.004377391434396963 -0.16296590181227558
30.238934625216892 0.004485744382017332 -0.12850846884505407
32.398858281521115 0.004594096297041978 -0.09405109504370648
34.55878193782534 0.004433135443369896 -0.07502485750866443
36.71870559412956 0.004272174589697814 -0.0559986199736224
38.87862925043378 0.004129938247310959 -0.0413443089855645
41.038552906738005 0.004006426158834229 -0.031061864450797762
43.19847656304223 0.003882914507440136 -0.020779433322297397
45.35840021934645 0.003903248076493284 -0.0149090451000924
47.51832387565067 0.003923581645546432 -0.009038656877887404
49.678247531954895 0.003988584250582454 -0.004645412942125371
51.83817118825912 0.004098255419766105 -0.0017292976898563234
53.99809484456334 0.004207926486247731 0.0011868139129581651
56.15801850086756 0.004271808485407032 0.002475838615177195
58.317942157171785 0.004335690484566332 0.0037648633173962246
60.47786581347601 0.004324175603148758 0.004991525950627133
62.63778946978023 0.0042372643976182 0.0061558269751308655
64.79771312608446 0.004150353012075081 0.007320128016511844
66.95763678238868 0.003939064685071208 0.008496090132348191
69.11756043869289 0.003727776358067335 0.009672052248184538
71.27748409499712 0.003533274031411822 0.010635232961066481
73.43740775130135 0.003355557634637029 0.011385633164250489
75.59733140760557 0.003177841219670515 0.012136033036503142
77.75725506390978 0.0029722102338034535 0.012378630152838337
79.91717872021401 0.002766579247936391 0.012621227269173536
82.07710237651824 0.002539574465987132 0.013098799718737862
84.23702603282246 0.002291195909661371 0.013811347262907234
86.39694968912667 0.0020428173533356105 0.014523894807076606
88.5568733454309 0.0017599304064087825 0.016610867587845503
90.71679700173513 0.0014770434545152327 0.018697840566432603
92.87672065803935 0.0011270275833220422 0.021208656256161567
95.03664431434356 0.0007098826473638997 0.02414331557548025
97.19656797064779 0.0002927376855002095 0.02707797298714907
99.35649162695202 -0.0001314272569894563 0.029495688361385504
101.51641528325624 -0.0006106852382595069 0.031174310072830922
103.67633893956045 -0.0011181921033779332 0.03188769596811928
105.83626259586468 -0.0016305684196848667 0.031949497576924876
107.99618625216891 -0.0021429444689295865 0.032011291418609
110.15610990847313 -0.0025630593633610664 0.029389801894890964
112.31603356477734 -0.0029831742577925463 0.026768312371172925
114.47595722108157 -0.003307662022239042 0.022926957520622546
116.6358808773858 -0.003536523611748734 0.01786574952629046
118.79580453369002 -0.003765384876735121 0.012804540723411355
120.95572818999423 -0.0038396382864899726 0.0073581277668190465
123.11565184629846 -0.003913891696244826 0.0019117148102267018
125.27557550260269 -0.0039080811957592195 -0.0028680939215298662
127.43549915890691 -0.003822207329848485 -0.0069813029645293696
129.59542281521112 -0.003736333262671009 -0.011094509726765168
131.75534647151534 -0.0034960408555322745 -0.01345784096428633
133.91527012781958 -0.0032557484483935364 -0.015821172201807523
136.0751937841238 -0.002968998009795427 -0.01769490940158745
138.235117440428 -0.0026357897080224657 -0.019079054337078342
140.39504109673226 -0.002302581430515039 -0.020463198494021145
142.55496475303647 -0.0020171621053051334 -0.020314057194445345
144.7148884093407 -0.0017317427800952279 -0.02016491589486954
146.8748120656449 -0.0014833478807157355 -0.01935040459985549
149.03473572194912 -0.001271977390882687 -0.017870523602044178
151.19465937825336 -0.001060606901049636 -0.016390642604232845
153.35458303455758 -0.0010511465467861723 -0.01407696300674144
155.5145066908618 -0.0010416862506437369 -0.011763283169236171
157.67443034716604 -0.0011415872578416275 -0.009358686790118783
159.83435400347025 -0.001350849868321537 -0.00686317362003549
161.99427765977447 -0.0015601129056863551 -0.004367659341935208
164.15420131607868 -0.0018897496626196252 -0.0015597045825418445
166.3141249723829 -0.0022193864195528953 0.001248250176851519
168.47404862868714 -0.0025261309094430063 0.0035678506801363544
170.63397228499136 -0.002809983420593998 0.00539910307762129
172.79389594129557 -0.0030938360806027562 0.007230348878355135
174.95381959759982 -0.0034318049724092253 0.0066633905544670035
177.11374325390403 -0.0037697738642156896 0.0060964322305788795
179.27366691020825 -0.004099444169726027 0.004631234601828403
181.43359056651246 -0.004420815967042412 0.0022678061219978617
183.59351422281668 -0.004742187739328638 -9.562362562852597e-05
185.75343787912092 -0.0050507568898924705 -0.0031075155493684296
187.91336153542514 -0.005359326040456299 -0.006119407473108294
190.07328519172935 -0.005681585421533823 -0.00888659995159956
192.2332088480336 -0.006017534947847951 -0.011409094509086727
194.3931325043378 -0.006353484610994473 -0.013931586668474267
196.55305616064203 -0.006807448382260582 -0.014385785148806748
198.71297981694624 -0.0072614121535266914 -0.014839983629139231
200.87290347325046 -0.007731518100315257 -0.014783636819244845
203.0328271295547 -0.00821776617344783 -0.014216746274541416
205.19275078585892 -0.008704014157966162 -0.013649855736987472
207.35267444216313 -0.008946707083937912 -0.01310261544269317
209.51259809846738 -0.009189400009909667 -0.01255537514839886
211.6725217547716 -0.009370554559682791 -0.012111438851593603
213.8324454110758 -0.009490170724894553 -0.011770806566315848
215.99236906738003 -0.009609786890106317 -0.011430174281038095
218.15229272368424 -0.009748346997060005 -0.011379893727216797
220.31221637998848 -0.009886907112193385 -0.011329613298764717
222.4721400362927 -0.009985355721392267 -0.011211140887077496
224.63206369259692 -0.010043693434378902 -0.011024477528719793
226.79198734890116 -0.010102030313877103 -0.01083781379065374
228.95191100520537 -0.009915396520348995 -0.010539549933041951
231.1118346615096 -0.009728762726820885 -0.010241286075430161
233.2717583178138 -0.009436817117347856 -0.010633224905953677
235.43168197411802 -0.009039560957593066 -0.01171535812958777
237.59160563042226 -0.00864230453323574 -0.01279749493284836
239.75152928672648 -0.008143542440080944 -0.01525283243159809
241.9114529430307 -0.007644780346926149 -0.01770816993034782
244.07137659933494 -0.007123857551719338 -0.0203919274904739
246.23130025563916 -0.00658077425026799 -0.023304103093702965
248.39122391194337 -0.006037691115421426 -0.026216278532664332
250.5511475682476 -0.005586596266675665 -0.02903775607160189
252.7110712245518 -0.005135501417929903 -0.031859233610539446
254.87099488085605 -0.004909954631106874 -0.033269968392304554
