22.5 -0.04181826104891034 -0.3028188572272243
33.75 -0.04926558808509996 -0.13327072608758558
45.0 -0.04660346576181622 0.046231155364683155
56.25 -0.03327095609421215 0.20194911372193358
67.5 -0.009825352769193064 0.2870996971918269
78.75 0.012531324423193522 0.2787799722102964
90.0 0.02767204499545209 0.20629146305493018
101.25 0.03255247425759709 0.09835545153914065
112.5 0.02745064131795359 0.004836947422067471
123.75 0.016683486421688928 -0.06019216420467575
135.0 0.006338814289881514 -0.09157349251585178
146.25 -0.0016137881709543844 -0.08993216733267884
157.5 -0.007489378587873913 -0.07772818385461253
168.75 -0.010385404816011171 -0.06474806237988524
180.0 -0.010827757789399173 -0.059064597861903
191.25 -0.00842552060477297 -0.054834364540316476
202.5 -0.006208118187972548 -0.04960659779136008
213.75 -0.003602813163627781 -0.04633440757031976
225.0 -0.0001077162872869473 -0.04558793905707497
236.25 0.004874487176778491 -0.04926000827606255
247.5 0.01040304869602097 -0.05605339167313352
258.75 0.015315385486344785 -0.06166735409089877
270.0 0.02720500592989591 -0.083211533113764
