46.77 0.033225217576238454 0.036407536747405184
58.462500000000006 0.018525505336058602 0.06449131603956913
70.155 -0.0017785810773500088 0.07305326750757829
81.84750000000001 -0.00957348796840172 0.05105084292295178
93.54000000000002 -0.014047547624916326 0.0284278688558511
105.23250000000002 -0.027456257813449465 -0.0012247509158473473
116.92500000000001 -0.041810798280389284 -0.0358156536458129
128.6175 -0.03893631583838958 -0.06481391694097517
140.31000000000003 -0.0264002342194458 -0.08672605876068289
152.00250000000003 -0.005304628168529654 -0.07904194630372251
163.69500000000002 0.01303537084710669 -0.06175208619535638
175.38750000000005 0.02229862224373337 -0.03589614616032451
187.08000000000004 0.0250531915303169 -0.014171331055954705
198.77250000000004 0.027397855575475794 0.007688392471349566
210.46500000000003 0.025006625807605553 0.04253152481527299
222.15750000000003 0.01821486578688603 0.07035546527300682
233.85000000000005 0.006223135112512006 0.08075540248073548
245.54250000000005 -0.005946981871031128 0.0765671271160657
257.23500000000007 -0.020875028022233996 0.026191513947532358
268.92750000000007 0.002026263312565627 0.04160797807627544
