43.37847 0.008189010055929959 -0.038725548321107174
54.25347 0.00765584200825423 0.01004510740284535
65.12847 0.007290367335517214 0.020111827592029244
76.00347 0.006154018879080183 0.020081466564733093
86.87847 0.004621193421452781 0.03026084037394693
97.75347 0.0023034444090387703 0.031823075610417216
108.62847 -0.0020329589406117856 0.04086669990340758
119.50347 -0.0033011274068010647 0.013291379602939317
130.37847 -0.0015593828007329537 -0.02001390514333025
141.25347 0.00021077475956060717 -0.022894481250096684
152.12847 0.0008537036670456279 -0.017159474809404076
163.00347 0.0009887506200974012 0.0022177603037377004
173.87847 -0.0008799708952138614 0.013392124753673362
184.75347 -0.004200468753778673 0.00015970496429068163
195.62847 -0.006732523400660736 -0.023854243034028586
206.50347 -0.009499482942813352 -0.015709217595334297
217.37847 -0.009692243671512243 -0.00201331256437294
228.25347 -0.010456506069435796 -0.0028733322270228633
239.12847 -0.009094626320619139 -0.009959984961508562
250.00347 -0.0054052683947020145 -0.029024698190780233
260.87847 -0.004875410375587426 -0.030773213930948402
