21.59924 0.0023706117347054825 -0.32915629536152113
23.759163656304224 0.003629499617556087 -0.2744453530665778
25.919087312608447 0.004888387500406691 -0.2197344107716345
28.07901096891267 0.005567156974826909 -0.17501884433334783
30.238934625216892 0.005665807117708159 -0.1402986696567763
32.398858281521115 0.005764456565124991 -0.10557855797075832
34.55878193782534 0.005681720941963839 -0.08728710273361799
36.71870559412956 0.005598985318802686 -0.06899564749647766
38.87862925043378 0.005522143675633352 -0.05414542816882034
41.038552906738005 0.005451195931440975 -0.04273639744962851
43.19847656304223 0.005380248478336948 -0.03132737837929189
45.35840021934645 0.005405099083686939 -0.02375203287166337
47.51832387565067 0.005429949689036931 -0.016176687364034853
49.678247531954895 0.005470452314534863 -0.010228427666412082
51.83817118825912 0.005526606794849772 -0.00590723659202547
53.99809484456334 0.005582761186407967 -0.0015860506656123472
56.15801850086756 0.005599343941987539 0.00043994289908962103
58.317942157171785 0.005615926697567111 0.0024659364637915895
60.47786581347601 0.005556472504819964 0.003941062095657817
62.63778946978023 0.005420981924933985 0.004865323860348734
64.79771312608446 0.005285491265117645 0.005789585585484452
66.95763678238868 0.005094773936719617 0.006686517245639125
69.11756043869289 0.00490405660832159 0.007583448905793798
71.27748409499712 0.004716826084791086 0.00833205883665781
73.43740775130135 0.004533082351490498 0.00893234766088588
75.59733140760557 0.004349338565426769 0.009532636315918457
77.75725506390978 0.004084631555077162 0.009873300323812563
79.91717872021401 0.003819924544727554 0.010213964331706672
82.07710237651824 0.0034657092533706513 0.010799638693782128
84.23702603282246 0.00302198577190464 0.011630323161224003
86.39694968912667 0.0025782622904386293 0.012461007628665878
88.5568733454309 0.0020467575148042003 0.01420089348125702
90.71679700173513 0.0015152527265355896 0.01594077946470765
92.87672065803935 0.0009560727638506536 0.018133271203196483
95.03664431434356 0.0003692175667785466 0.020778369677499575
97.19656797064779 -0.00021763749916730714 0.02342346682794091
99.35649162695202 -0.0007689594858803436 0.025709819007063355
101.51641528325624 -0.0013776090714971631 0.027315377164185917
103.67633893956045 -0.001983435428329613 0.027533329014355654
105.83626259586468 -0.002562111283968892 0.026652591848339437
107.99618625216891 -0.0031407867063491654 0.025771844763356363
110.15610990847313 -0.003569785483942456 0.021464422963953504
112.31603356477734 -0.003998784261535746 0.017157001164550646
114.47595722108157 -0.0042707445856897275 0.011663234100077505
116.6358808773858 -0.0043856680247803355 0.004983133618812841
118.79580453369002 -0.004500591018057628 -0.0016969667873929183
120.95572818999423 -0.004403121743990748 -0.008341308007573513
123.11565184629846 -0.004305652469923866 -0.014985649227754154
125.27557550260269 -0.004151841330552169 -0.020701937847791056
127.43549915890691 -0.003941688709268271 -0.025490180182855184
129.59542281521112 -0.0037315359379853233 -0.030278418767109547
131.75534647151534 -0.003406299053781374 -0.03218891504193086
133.91527012781958 -0.0030810621695774205 -0.034099411316752204
136.0751937841238 -0.002738423098451836 -0.03505542431831044
138.235117440428 -0.002378381903440406 -0.03505695750402204
140.39504109673226 -0.0020183407321551737 -0.03505849017230303
142.55496475303647 -0.0017050263348411603 -0.03404098649277089
144.7148884093407 -0.0013917119375271467 -0.03302348281323874
146.8748120656449 -0.0011470053177390742 -0.03137755431070198
149.03473572194912 -0.00097090644530208 -0.02910320126155248
151.19465937825336 -0.0007948075728650837 -0.02682884821240295
153.35458303455758 -0.000757675413511984 -0.022654977192421568
155.5145066908618 -0.0007205432941612756 -0.01848110562565269
157.67443034716604 -0.0007498156560383036 -0.014242576529517806
159.83435400347025 -0.0008454926812684813 -0.009939389726682924
161.99427765977447 -0.0009411705918271618 -0.005636207897997087
164.15420131607868 -0.001286494912089448 -0.0027356449240899766
166.3141249723829 -0.0016318192323517345 0.00016491804981713323
168.47404862868714 -0.002019598784992273 0.002014102314064256
170.63397228499136 -0.0024498330353320136 0.0028119211096613935
172.79389594129557 -0.0028800674733109213 0.0036097349064433486
174.95381959759982 -0.0033785168578826146 0.0025902633418669325
177.11374325390403 -0.0038769662424543013 0.0015707917772905303
179.27366691020825 -0.0043605903364691365 -0.0004071771988940617
181.43359056651246 -0.004829389279455393 -0.003343634565785176
183.59351422281668 -0.005298188096232936 -0.0062800937088311765
185.75343787912092 -0.005702432689325739 -0.010125034501516101
187.91336153542514 -0.006106677282418537 -0.013969975294200977
190.07328519172935 -0.006529725674299834 -0.01766353470997567
192.2332088480336 -0.006971577747839879 -0.02120571369180201
194.3931325043378 -0.007413429872077177 -0.02474788994409317
196.55305616064203 -0.007899006960056078 -0.02593591865947575
198.71297981694624 -0.008384584048034978 -0.02712394737485833
200.87290347325046 -0.008825796834262737 -0.027307355483126988
203.0328271295547 -0.009222645453898823 -0.02648614604494026
205.19275078585892 -0.00961949398708003 -0.025664936136401566
207.35267444216313 -0.00977872244740529 -0.02355097005555034
209.51259809846738 -0.009937950907730551 -0.021437003974699085
211.6725217547716 -0.010040742570392015 -0.01944967581445075
213.8324454110758 -0.010087097427720224 -0.01758898559201472
215.99236906738003 -0.010133452285048434 -0.01572829536957869
218.15229272368424 -0.0102459025614075 -0.014569796055991029
220.31221637998848 -0.01035835286630551 -0.013411297045598116
222.4721400362927 -0.010453580944898502 -0.012261658455633815
224.63206369259692 -0.010531587058976067 -0.011120880151413675
226.79198734890116 -0.01060959248718149 -0.009980103607235532
228.95191100520537 -0.010486013162495941 -0.009356621194510037
231.1118346615096 -0.010362433837810393 -0.008733138781784545
233.2717583178138 -0.010116625584706669 -0.009109953422715185
235.43168197411802 -0.00974858987216193 -0.0104870530954873
237.59160563042226 -0.009380553725315252 -0.011864156255160544
239.75152928672648 -0.00884591256491882 -0.0145788892075782
241.9114529430307 -0.008311271404522385 -0.017293622159995855
244.07137659933494 -0.007717716506772576 -0.020019442991326204
246.23130025563916 -0.007065248392219228 -0.022756351603598922
248.39122391194337 -0.006412780587794892 -0.025493259291868846
250.5511475682476 -0.005931545777317063 -0.027719992956581736
252.7110712245518 -0.0054503109668392336 -0.02994672662129463
254.87099488085605 -0.0052096942417481475 -0.031060090306521997
